	
image_xscale = 0.210728;
image_yscale = 0.2188679;

draw_self();